AAPL 
----
Max: 229.39209 10/3/2018
Min: 9.786496 1/20/2009
Ave: 85.7347883422097

IBM 
----
Max: 171.212128 3/14/2013
Min: 60.258434 1/20/2009
Ave: 131.56523779133562

MSFT 
----
Max: 114.200455 10/1/2018
Min: 11.810308 3/9/2009
Ave: 41.582830873608856

